nhidden: 31
window_size: 10
l1: 6.287700225938201e-05
l2: 7.925982284997983e-09
dr: 0.28
