nhidden: 45
activation1: tanh
window_size: 4
l1: 1.0811657247330256e-06
l2: 1.3688564021163353e-06
dropout_rate: 0.15
