nhidden: 15
activation1: tanh
window_size: 3
l1: 0.0001353120031874206
l2: 4.4829989365843523e-07
dropout_rate: 0.23
